	Order Value	Customer Rating	Shipping Time (Days)
0	109.934283	3.699147	2
1	97.234714	4.926139	1
2	112.953771	3.993251	7
3	130.460597	NaN	7
4	NaN	1	8
5	95.317261	NaN	5
6	400	4.104432	3
7	700	3.020165	8
8	90.610512	3.335907	6
9	350	NaN	3
10	90.731646	4.369233	1
11	90.685405	4.085684	3
12	450	3.942176	5
13	400	1	3
14	65.501643	5	1
15	NaN	0.5	5
16	79.743378	3.769681	7
17	300	NaN	7
18	81.839518	NaN	9
19	71.753926	3.11848	3
20	129.312975	5.5	7
21	95.484474	3.807459	1
22	NaN	3.661539	4
23	NaN	4.305838	4
24	89.112346	4.5155	5
25	102.218452	4.46564	7
26	NaN	3.580391	7
27	107.51396	3.845394	4
28	NaN	4.165632	7
29	300	4.487773	3
